31 
1 -1 3 2 -1 4
5 7 -1 0 4 -1
0 3 -1 6 8 -1
-1 11 13 -1 2 0
-1 1 0 -1 12 14
15 17 7 1 -1 24
2 -1 23 16 18 8
17 19 9 -1 1 5
-1 2 6 18 20 10
19 -1 -1 11 -1 7
12 -1 8 20 -1 -1
9 -1 -1 13 3 -1
14 4 -1 10 -1 -1
11 -1 -1 21 -1 3
22 -1 4 12 -1 -1
25 27 17 5 24 -1
6 23 -1 26 28 18
27 -1 19 7 5 15
8 6 16 28 -1 20
-1 -1 -1 9 7 17
10 8 18 -1 -1 -1
13 -1 -1 29 23 -1
30 24 -1 14 -1 -1
-1 21 29 -1 16 6
-1 15 5 -1 22 30
-1 -1 27 15 -1 -1
16 -1 -1 -1 -1 28
-1 -1 -1 17 15 25
18 16 26 -1 -1 -1
21 -1 -1 -1 -1 23
-1 -1 24 22 -1 -1
